00010110100000000000000000001101
00000001000000000000000000000000
10000000101001000000000000011001
00010110100000000000000000000111
00000001000000000000000000000000
10011100000001100000000000001000
10010000000100000000000000001110
10100010000001000010000000000001
10100000000101000100000000000000
10000000101001000000000000011001
00000110101111111111111111111011
00000001000000000000000000000000
10000001110000111110000000000000
00000001000000000000000000000000
10110000000100000010000000000010
10110010000100000010000000001001
01111111111111111111111111110010
00000001000000000000000000000000